Sent messages
array([[1, 0, 1, 0, 1, 0, 1, 0, 1, 0, 0, 0, 0, 0, 0, 1, 0, 1, 1, 1, 1, 1,
        0, 0, 0],
       [1, 0, 0, 0, 0, 0, 1, 0, 1, 1, 1, 1, 1, 0, 0, 0, 1, 0, 0, 1, 1, 1,
        1, 0, 1],
       [1, 0, 0, 1, 0, 1, 1, 0, 0, 1, 1, 1, 0, 1, 1, 1, 1, 1, 0, 1, 1, 1,
        1, 0, 0],
       [0, 1, 1, 0, 0, 0, 1, 1, 0, 0, 0, 1, 1, 1, 0, 0, 1, 0, 1, 0, 0, 0,
        0, 1, 0],
       [1, 1, 1, 0, 1, 1, 1, 0, 0, 1, 0, 1, 1, 0, 1, 0, 0, 1, 0, 0, 1, 1,
        0, 0, 1],
       [0, 0, 0, 0, 0, 0, 0, 1, 1, 1, 1, 1, 0, 0, 0, 0, 1, 0, 0, 1, 0, 0,
        1, 0, 0],
       [0, 0, 0, 1, 1, 1, 1, 1, 1, 0, 1, 1, 0, 0, 1, 0, 1, 0, 1, 0, 0, 1,
        1, 1, 1],
       [1, 0, 1, 1, 0, 0, 1, 0, 0, 1, 0, 0, 1, 1, 0, 0, 1, 0, 0, 0, 1, 0,
        0, 1, 0],
       [0, 1, 1, 1, 1, 0, 0, 1, 1, 0, 1, 0, 1, 0, 1, 1, 0, 1, 0, 0, 0, 0,
        0, 1, 1],
       [0, 1, 0, 1, 1, 1, 1, 0, 0, 1, 1, 0, 1, 0, 0, 0, 1, 0, 1, 0, 1, 1,
        1, 0, 0],
       [1, 1, 1, 0, 0, 0, 0, 1, 1, 0, 0, 1, 0, 0, 0, 0, 0, 0, 1, 0, 0, 1,
        1, 1, 0],
       [1, 0, 0, 0, 1, 1, 1, 1, 1, 0, 0, 0, 0, 1, 1, 0, 1, 1, 0, 0, 1, 1,
        0, 0, 0],
       [1, 0, 0, 1, 1, 1, 1, 1, 0, 0, 1, 1, 1, 1, 1, 0, 0, 0, 0, 1, 0, 1,
        1, 1, 0],
       [1, 0, 0, 1, 1, 1, 0, 1, 0, 1, 1, 0, 0, 0, 0, 0, 0, 1, 1, 0, 1, 0,
        1, 1, 0],
       [0, 0, 1, 0, 1, 0, 1, 1, 0, 1, 1, 0, 1, 0, 0, 0, 0, 1, 1, 1, 0, 1,
        1, 0, 0],
       [1, 0, 0, 0, 0, 1, 0, 0, 0, 0, 0, 0, 0, 0, 1, 0, 1, 0, 0, 0, 0, 1,
        0, 0, 1],
       [1, 0, 1, 1, 1, 0, 0, 0, 1, 0, 1, 0, 0, 1, 0, 1, 1, 0, 1, 0, 0, 1,
        0, 1, 0],
       [0, 0, 0, 0, 1, 1, 1, 1, 1, 1, 0, 0, 1, 1, 0, 0, 0, 1, 1, 1, 0, 0,
        1, 1, 0],
       [0, 0, 0, 1, 0, 0, 0, 1, 1, 0, 0, 0, 1, 1, 1, 0, 1, 0, 0, 0, 1, 0,
        1, 1, 0],
       [0, 1, 0, 1, 0, 1, 1, 1, 1, 0, 0, 1, 1, 0, 0, 0, 0, 0, 0, 1, 0, 0,
        1, 0, 0],
       [0, 0, 0, 1, 0, 1, 1, 0, 1, 0, 1, 1, 0, 0, 0, 0, 0, 1, 1, 1, 1, 1,
        1, 1, 0],
       [0, 1, 1, 0, 0, 0, 0, 1, 0, 1, 1, 1, 0, 0, 1, 1, 1, 0, 1, 0, 1, 1,
        1, 0, 0],
       [1, 0, 1, 0, 0, 0, 1, 0, 0, 1, 1, 1, 1, 0, 0, 0, 0, 0, 1, 0, 0, 0,
        1, 1, 0],
       [1, 1, 1, 1, 1, 1, 1, 0, 0, 1, 0, 0, 1, 0, 1, 1, 1, 0, 0, 0, 0, 1,
        1, 0, 1],
       [1, 0, 1, 0, 1, 0, 1, 1, 0, 0, 0, 0, 1, 1, 0, 1, 0, 0, 1, 1, 0, 0,
        0, 1, 1],
       [1, 1, 0, 0, 0, 0, 0, 0, 1, 1, 0, 0, 1, 1, 1, 1, 0, 0, 0, 0, 0, 1,
        0, 1, 0],
       [0, 0, 0, 0, 1, 1, 1, 0, 0, 1, 0, 0, 1, 0, 1, 0, 1, 0, 0, 1, 0, 0,
        1, 0, 1],
       [0, 0, 0, 0, 1, 0, 1, 0, 0, 0, 0, 1, 1, 1, 1, 0, 1, 1, 0, 0, 0, 0,
        1, 1, 0],
       [0, 0, 1, 1, 0, 0, 1, 0, 0, 1, 0, 1, 0, 0, 1, 1, 0, 1, 0, 0, 1, 0,
        0, 1, 1],
       [0, 1, 1, 1, 1, 0, 0, 0, 1, 1, 1, 1, 1, 1, 1, 0, 0, 1, 1, 1, 0, 0,
        1, 1, 0],
       [0, 0, 0, 1, 0, 0, 1, 0, 0, 0, 1, 0, 1, 1, 0, 0, 0, 0, 1, 0, 0, 0,
        1, 0, 0],
       [1, 1, 0, 0, 0, 0, 0, 1, 1, 0, 0, 1, 0, 0, 0, 0, 0, 1, 0, 0, 0, 1,
        1, 1, 1],
       [0, 1, 0, 0, 1, 1, 1, 1, 1, 0, 1, 1, 1, 0, 1, 0, 1, 1, 0, 1, 0, 0,
        0, 1, 1],
       [1, 0, 1, 0, 1, 0, 0, 0, 1, 0, 0, 0, 0, 0, 0, 1, 1, 0, 1, 1, 0, 0,
        0, 1, 0],
       [1, 0, 1, 0, 0, 1, 1, 1, 1, 1, 1, 0, 1, 0, 0, 1, 0, 1, 1, 0, 0, 1,
        1, 0, 0],
       [0, 0, 1, 1, 1, 1, 0, 0, 1, 1, 1, 1, 1, 1, 1, 1, 1, 0, 1, 0, 0, 1,
        1, 0, 0],
       [1, 0, 1, 1, 1, 0, 0, 1, 0, 0, 0, 0, 0, 0, 0, 1, 0, 0, 0, 0, 0, 0,
        0, 0, 1],
       [0, 0, 0, 0, 1, 1, 1, 1, 1, 1, 1, 1, 1, 1, 1, 1, 1, 1, 1, 1, 0, 1,
        0, 1, 1],
       [0, 1, 0, 0, 0, 1, 1, 1, 0, 0, 1, 1, 1, 1, 1, 0, 0, 0, 1, 0, 0, 0,
        0, 0, 1],
       [0, 1, 1, 1, 1, 1, 0, 0, 1, 1, 1, 0, 1, 0, 1, 0, 1, 0, 1, 0, 0, 0,
        0, 0, 0],
       [0, 1, 1, 1, 1, 1, 0, 0, 0, 0, 0, 1, 1, 1, 1, 0, 0, 0, 1, 0, 1, 0,
        0, 1, 0],
       [0, 1, 0, 1, 0, 0, 0, 0, 0, 0, 0, 0, 1, 1, 0, 0, 1, 0, 0, 1, 0, 0,
        1, 0, 0],
       [1, 0, 1, 0, 0, 1, 1, 0, 1, 1, 0, 0, 0, 1, 1, 1, 1, 0, 1, 0, 1, 0,
        0, 0, 1],
       [0, 0, 1, 0, 1, 1, 0, 0, 1, 0, 1, 1, 1, 0, 1, 0, 0, 0, 0, 1, 0, 1,
        1, 0, 1],
       [1, 0, 1, 1, 1, 1, 0, 1, 1, 1, 1, 0, 1, 0, 1, 0, 0, 0, 0, 0, 1, 1,
        1, 0, 1],
       [0, 0, 1, 1, 0, 0, 1, 1, 1, 1, 0, 1, 1, 1, 0, 0, 0, 0, 1, 0, 1, 1,
        1, 1, 0],
       [0, 0, 1, 1, 1, 1, 1, 0, 1, 0, 1, 1, 0, 0, 1, 1, 1, 1, 0, 1, 0, 1,
        0, 0, 1],
       [0, 1, 0, 1, 0, 1, 1, 0, 0, 0, 0, 1, 0, 1, 0, 1, 1, 1, 1, 0, 0, 1,
        0, 0, 1],
       [0, 0, 0, 1, 0, 1, 0, 0, 0, 1, 1, 0, 1, 0, 1, 1, 0, 0, 0, 0, 1, 1,
        1, 0, 0],
       [1, 0, 1, 1, 1, 1, 1, 0, 0, 0, 1, 1, 1, 1, 0, 0, 1, 1, 1, 0, 0, 0,
        1, 1, 0],
       [1, 0, 1, 0, 1, 0, 0, 0, 0, 0, 0, 1, 1, 1, 0, 0, 1, 0, 0, 0, 0, 0,
        1, 1, 1],
       [1, 1, 0, 0, 0, 0, 1, 1, 1, 0, 1, 0, 1, 1, 0, 0, 1, 1, 0, 1, 1, 0,
        1, 0, 1],
       [0, 1, 0, 1, 0, 1, 1, 1, 1, 1, 1, 1, 1, 1, 0, 0, 1, 0, 1, 1, 0, 1,
        1, 0, 0],
       [1, 0, 0, 1, 0, 0, 1, 0, 0, 1, 1, 1, 0, 1, 1, 0, 1, 1, 1, 1, 0, 1,
        1, 0, 1],
       [0, 0, 0, 1, 0, 0, 0, 1, 1, 1, 1, 1, 1, 1, 0, 0, 0, 0, 1, 0, 0, 0,
        0, 1, 1],
       [1, 0, 1, 0, 1, 1, 1, 1, 1, 0, 1, 0, 0, 0, 0, 0, 1, 1, 1, 1, 0, 1,
        1, 0, 0],
       [1, 1, 0, 1, 1, 1, 1, 0, 0, 0, 1, 1, 1, 1, 1, 0, 1, 1, 0, 1, 0, 0,
        0, 0, 0],
       [1, 0, 0, 1, 1, 0, 1, 1, 0, 0, 1, 0, 0, 1, 0, 0, 0, 0, 0, 1, 1, 0,
        1, 0, 0],
       [0, 0, 0, 1, 1, 0, 1, 0, 1, 0, 1, 0, 0, 1, 1, 0, 1, 0, 1, 1, 0, 1,
        1, 0, 1],
       [0, 0, 0, 0, 0, 1, 0, 0, 1, 1, 1, 0, 0, 0, 1, 0, 1, 0, 1, 0, 0, 0,
        1, 1, 0],
       [0, 0, 1, 0, 0, 0, 0, 1, 1, 0, 0, 1, 1, 0, 1, 1, 0, 1, 1, 0, 0, 1,
        0, 1, 0],
       [1, 0, 1, 1, 1, 0, 0, 1, 1, 0, 0, 0, 0, 0, 0, 1, 0, 1, 0, 0, 1, 1,
        0, 1, 1],
       [1, 1, 0, 1, 0, 0, 0, 0, 1, 1, 0, 0, 0, 0, 1, 0, 1, 0, 0, 0, 0, 1,
        1, 1, 0],
       [0, 1, 1, 0, 0, 1, 0, 0, 1, 0, 1, 0, 1, 0, 1, 1, 1, 1, 0, 0, 1, 0,
        0, 0, 0],
       [0, 1, 1, 1, 1, 0, 0, 1, 0, 0, 1, 0, 1, 1, 0, 0, 1, 1, 0, 1, 1, 1,
        0, 1, 0],
       [1, 0, 1, 0, 0, 0, 1, 1, 1, 0, 1, 0, 1, 0, 0, 0, 1, 1, 1, 0, 0, 1,
        1, 1, 0],
       [0, 0, 0, 0, 1, 0, 0, 0, 0, 0, 1, 0, 0, 0, 1, 1, 1, 0, 1, 0, 0, 1,
        0, 0, 0],
       [1, 0, 0, 1, 0, 0, 1, 0, 0, 0, 0, 0, 1, 1, 1, 1, 0, 0, 0, 0, 0, 1,
        1, 0, 0],
       [0, 1, 0, 0, 0, 1, 0, 1, 1, 1, 1, 1, 1, 0, 0, 0, 1, 0, 1, 1, 1, 0,
        1, 1, 0],
       [0, 1, 1, 0, 0, 0, 1, 0, 0, 0, 1, 0, 0, 0, 0, 0, 1, 1, 1, 0, 1, 1,
        1, 0, 0],
       [1, 1, 0, 0, 1, 0, 1, 0, 1, 1, 0, 1, 1, 1, 0, 0, 0, 1, 0, 1, 1, 0,
        0, 1, 1],
       [0, 0, 0, 1, 1, 1, 1, 1, 0, 0, 1, 1, 0, 0, 0, 0, 1, 0, 1, 0, 0, 0,
        1, 1, 0],
       [1, 1, 0, 0, 1, 1, 1, 0, 0, 1, 0, 0, 1, 1, 0, 0, 1, 0, 0, 1, 1, 0,
        0, 0, 1],
       [0, 0, 1, 1, 0, 1, 1, 0, 1, 1, 0, 1, 0, 0, 1, 1, 1, 0, 1, 0, 1, 1,
        1, 0, 1],
       [1, 0, 0, 1, 1, 1, 0, 0, 0, 0, 1, 0, 0, 0, 1, 1, 0, 0, 1, 1, 1, 1,
        1, 1, 1],
       [1, 0, 0, 0, 0, 0, 0, 1, 1, 0, 0, 1, 1, 1, 0, 1, 0, 0, 1, 1, 0, 1,
        1, 0, 1],
       [0, 0, 1, 0, 0, 1, 1, 1, 0, 0, 1, 0, 1, 1, 0, 1, 0, 0, 1, 0, 1, 0,
        0, 0, 1],
       [0, 1, 0, 0, 1, 1, 1, 1, 1, 0, 0, 1, 0, 0, 0, 1, 0, 0, 0, 1, 0, 0,
        1, 1, 0],
       [0, 1, 1, 1, 1, 1, 1, 1, 0, 1, 1, 0, 1, 1, 0, 1, 0, 0, 0, 0, 1, 0,
        0, 1, 0],
       [0, 0, 0, 1, 0, 1, 1, 0, 0, 0, 0, 1, 1, 1, 0, 1, 0, 0, 0, 0, 0, 1,
        1, 0, 1],
       [0, 0, 0, 1, 0, 0, 1, 1, 1, 0, 0, 1, 0, 1, 1, 0, 0, 1, 1, 1, 1, 0,
        1, 1, 1],
       [0, 0, 1, 0, 0, 0, 1, 1, 0, 1, 1, 0, 0, 1, 0, 1, 1, 0, 1, 1, 0, 0,
        0, 1, 0],
       [0, 0, 0, 1, 1, 0, 1, 0, 0, 1, 1, 0, 0, 1, 0, 1, 0, 0, 1, 1, 1, 1,
        1, 1, 1],
       [0, 0, 0, 1, 1, 1, 0, 1, 1, 0, 1, 0, 0, 1, 1, 1, 0, 0, 0, 1, 1, 1,
        1, 0, 0],
       [0, 0, 1, 1, 1, 0, 0, 1, 1, 0, 1, 0, 0, 0, 1, 1, 0, 1, 0, 0, 0, 0,
        1, 0, 0],
       [1, 0, 0, 1, 1, 1, 0, 1, 1, 0, 0, 0, 0, 0, 1, 1, 1, 0, 0, 0, 1, 1,
        0, 1, 0],
       [1, 1, 1, 0, 1, 1, 0, 1, 0, 0, 0, 0, 0, 1, 0, 0, 0, 0, 1, 0, 1, 0,
        1, 0, 0],
       [1, 0, 1, 0, 1, 0, 0, 1, 0, 0, 0, 0, 0, 0, 1, 1, 1, 0, 1, 0, 0, 0,
        0, 1, 0],
       [1, 0, 1, 1, 1, 1, 1, 1, 0, 1, 0, 1, 0, 1, 1, 0, 1, 1, 1, 0, 1, 0,
        1, 1, 0],
       [1, 1, 0, 1, 0, 0, 0, 1, 0, 0, 1, 0, 1, 1, 1, 1, 0, 0, 0, 0, 0, 1,
        0, 0, 0],
       [1, 1, 0, 1, 0, 0, 1, 1, 0, 0, 1, 0, 1, 0, 1, 0, 0, 1, 0, 0, 1, 0,
        0, 0, 1],
       [1, 1, 0, 0, 0, 0, 1, 0, 0, 0, 1, 0, 0, 0, 0, 0, 1, 0, 0, 0, 0, 0,
        0, 0, 0],
       [0, 0, 1, 1, 1, 1, 0, 1, 1, 0, 1, 1, 0, 0, 0, 1, 1, 0, 0, 1, 0, 1,
        0, 0, 1],
       [0, 0, 0, 1, 0, 0, 0, 0, 0, 0, 1, 1, 0, 1, 1, 0, 1, 1, 1, 1, 1, 1,
        1, 1, 0],
       [0, 1, 1, 0, 1, 1, 0, 0, 0, 1, 1, 0, 0, 1, 0, 1, 1, 0, 0, 1, 0, 0,
        0, 0, 1],
       [1, 1, 1, 0, 0, 1, 1, 0, 1, 1, 0, 1, 0, 0, 1, 0, 1, 0, 1, 1, 1, 0,
        0, 1, 0],
       [1, 1, 0, 1, 0, 1, 0, 1, 1, 0, 1, 1, 0, 1, 0, 1, 0, 1, 1, 1, 0, 0,
        0, 0, 1],
       [1, 0, 0, 0, 1, 0, 0, 1, 1, 0, 1, 0, 1, 0, 0, 0, 0, 1, 1, 1, 1, 0,
        0, 1, 1],
       [1, 1, 1, 0, 0, 0, 1, 1, 1, 1, 0, 0, 1, 0, 0, 1, 1, 1, 1, 1, 1, 0,
        0, 1, 0],
       [1, 1, 1, 1, 0, 1, 0, 1, 1, 1, 0, 1, 1, 1, 0, 0, 0, 1, 0, 1, 0, 0,
        1, 0, 1],
       [1, 0, 1, 1, 0, 0, 1, 0, 1, 1, 0, 0, 0, 0, 1, 1, 0, 0, 1, 1, 1, 1,
        0, 1, 1]])

Completely received messages
array([], shape=(101, 0), dtype=float64)

Partialy received messages
array([[0., 0., 0., 0., 0., 0., 0., 0., 0., 0., 0., 0., 0., 0., 0., 0.,
        0., 0., 0., 1., 1., 1., 1., 1., 1., 1., 1., 1., 1., 1., 1., 1.,
        1., 1.],
       [0., 0., 0., 0., 0., 0., 0., 0., 0., 0., 0., 0., 0., 0., 1., 1.,
        1., 1., 1., 0., 0., 0., 0., 0., 0., 0., 0., 1., 1., 1., 1., 1.,
        1., 1.],
       [0., 0., 1., 1., 1., 1., 1., 1., 1., 1., 1., 1., 1., 1., 0., 0.,
        1., 1., 1., 0., 0., 0., 0., 0., 0., 1., 1., 0., 0., 0., 0., 0.,
        1., 1.],
       [0., 1., 0., 0., 0., 0., 1., 1., 1., 1., 1., 1., 1., 1., 0., 1.,
        0., 1., 1., 0., 0., 0., 0., 1., 1., 0., 1., 0., 0., 0., 1., 1.,
        0., 1.],
       [1., 0., 0., 0., 1., 1., 0., 0., 0., 0., 0., 1., 1., 1., 1., 1.,
        0., 0., 1., 0., 1., 1., 1., 0., 1., 0., 1., 0., 0., 1., 0., 1.,
        1., 0.],
       [0., 0., 1., 1., 1., 1., 1., 1., 1., 1., 1., 0., 0., 1., 0., 1.,
        1., 1., 0., 0., 1., 1., 1., 1., 1., 1., 0., 0., 1., 0., 1., 1.,
        0., 1.],
       [1., 0., 1., 1., 0., 1., 0., 0., 0., 1., 1., 0., 1., 1., 0., 0.,
        0., 1., 0., 0., 1., 1., 1., 1., 0., 1., 1., 0., 0., 1., 0., 0.,
        0., 0.],
       [1., 1., 1., 1., 0., 0., 0., 1., 1., 0., 1., 1., 0., 1., 0., 1.,
        1., 1., 0., 0., 0., 0., 1., 0., 0., 0., 1., 1., 0., 0., 1., 1.,
        1., 1.],
       [0., 0., 0., 0., 0., 1., 1., 0., 1., 1., 1., 1., 1., 0., 1., 0.,
        1., 1., 0., 0., 0., 1., 0., 0., 1., 0., 1., 0., 0., 0., 0., 1.,
        0., 1.],
       [0., 1., 0., 1., 0., 1., 0., 0., 0., 0., 0., 1., 0., 0., 0., 0.,
        1., 0., 0., 0., 1., 0., 1., 1., 1., 0., 0., 1., 1., 1., 1., 1.,
        1., 1.],
       [0., 0., 0., 0., 1., 0., 0., 0., 0., 1., 1., 1., 0., 0., 1., 0.,
        1., 0., 1., 1., 1., 0., 1., 1., 1., 1., 1., 1., 0., 1., 0., 0.,
        1., 0.],
       [0., 1., 0., 0., 0., 0., 1., 0., 1., 1., 0., 0., 0., 0., 1., 0.,
        1., 1., 0., 0., 0., 0., 0., 1., 0., 1., 1., 1., 1., 0., 1., 1.,
        0., 0.],
       [0., 1., 0., 1., 0., 0., 1., 1., 0., 0., 1., 0., 1., 0., 1., 1.,
        0., 0., 1., 1., 1., 1., 0., 0., 1., 1., 1., 1., 0., 0., 0., 0.,
        1., 1.],
       [0., 1., 1., 1., 0., 0., 0., 1., 0., 1., 0., 0., 0., 1., 1., 0.,
        0., 0., 0., 0., 0., 1., 1., 1., 0., 1., 0., 0., 1., 0., 1., 1.,
        0., 0.],
       [1., 0., 1., 0., 1., 0., 0., 1., 1., 0., 0., 0., 1., 0., 0., 1.,
        1., 1., 1., 1., 0., 1., 0., 0., 1., 1., 0., 0., 0., 1., 1., 0.,
        1., 1.],
       [0., 0., 1., 0., 0., 0., 1., 0., 0., 0., 0., 0., 1., 1., 1., 0.,
        0., 0., 0., 0., 1., 1., 1., 1., 0., 1., 1., 1., 1., 1., 0., 0.,
        0., 0.],
       [0., 0., 0., 1., 0., 1., 1., 1., 1., 1., 1., 0., 1., 1., 1., 1.,
        0., 1., 0., 1., 1., 0., 0., 0., 1., 0., 0., 1., 1., 1., 0., 0.,
        1., 1.],
       [1., 1., 1., 1., 0., 0., 1., 0., 0., 1., 1., 1., 1., 1., 0., 0.,
        0., 1., 0., 1., 0., 0., 0., 0., 1., 0., 1., 0., 1., 0., 0., 1.,
        1., 0.],
       [0., 0., 0., 0., 0., 1., 1., 0., 0., 1., 1., 0., 0., 1., 0., 1.,
        0., 0., 0., 1., 1., 0., 0., 0., 1., 0., 0., 1., 1., 0., 0., 0.,
        1., 0.],
       [1., 1., 0., 1., 1., 0., 0., 0., 0., 1., 1., 1., 0., 0., 1., 0.,
        0., 1., 1., 1., 1., 1., 1., 1., 1., 1., 1., 1., 0., 1., 1., 1.,
        1., 0.],
       [0., 0., 0., 0., 1., 1., 1., 0., 0., 0., 1., 0., 0., 0., 1., 1.,
        0., 0., 1., 1., 1., 0., 0., 1., 0., 0., 1., 1., 0., 1., 1., 0.,
        1., 1.],
       [0., 0., 1., 0., 0., 1., 0., 1., 1., 1., 1., 0., 0., 1., 1., 1.,
        0., 0., 0., 1., 0., 1., 1., 0., 1., 1., 0., 0., 1., 1., 0., 0.,
        1., 0.],
       [0., 0., 1., 0., 1., 1., 0., 0., 0., 1., 0., 0., 1., 0., 1., 0.,
        1., 0., 1., 0., 0., 1., 1., 0., 1., 1., 0., 0., 0., 1., 1., 0.,
        0., 1.],
       [1., 1., 0., 1., 1., 0., 1., 0., 0., 0., 1., 1., 0., 1., 1., 1.,
        0., 0., 1., 1., 0., 1., 1., 1., 0., 1., 0., 0., 1., 1., 1., 1.,
        1., 1.],
       [0., 0., 1., 1., 0., 1., 0., 0., 0., 0., 0., 0., 1., 1., 0., 1.,
        0., 0., 0., 0., 1., 0., 0., 1., 0., 0., 0., 1., 1., 0., 0., 0.,
        0., 1.],
       [0., 0., 0., 1., 0., 1., 1., 1., 1., 1., 1., 0., 1., 1., 0., 1.,
        1., 1., 0., 1., 0., 0., 0., 0., 1., 0., 1., 0., 1., 0., 0., 0.,
        1., 0.],
       [0., 1., 0., 1., 1., 1., 0., 1., 0., 1., 0., 0., 1., 0., 1., 1.,
        0., 0., 0., 1., 0., 1., 1., 0., 0., 0., 0., 1., 1., 0., 0., 0.,
        1., 1.],
       [0., 0., 0., 0., 0., 1., 1., 1., 0., 1., 0., 1., 1., 1., 0., 1.,
        1., 0., 0., 0., 1., 1., 1., 1., 0., 0., 0., 0., 1., 1., 0., 0.,
        0., 0.],
       [0., 0., 0., 0., 0., 0., 1., 1., 0., 1., 0., 0., 1., 1., 0., 1.,
        1., 0., 0., 0., 0., 1., 0., 1., 0., 0., 0., 0., 1., 0., 0., 0.,
        0., 1.],
       [1., 1., 0., 1., 0., 0., 1., 0., 0., 1., 0., 1., 0., 1., 1., 0.,
        0., 0., 0., 0., 1., 0., 0., 1., 0., 0., 0., 0., 0., 1., 0., 1.,
        0., 0.],
       [1., 1., 0., 1., 0., 0., 1., 0., 1., 0., 1., 0., 0., 1., 1., 0.,
        0., 1., 1., 0., 0., 0., 0., 1., 1., 0., 1., 0., 0., 0., 1., 1.,
        1., 1.],
       [1., 1., 0., 1., 1., 0., 0., 1., 0., 1., 1., 0., 0., 0., 0., 1.,
        1., 0., 1., 1., 0., 0., 1., 1., 1., 0., 0., 1., 0., 0., 1., 1.,
        0., 0.],
       [1., 1., 0., 1., 0., 1., 0., 0., 0., 1., 1., 0., 0., 0., 0., 0.,
        0., 1., 1., 0., 0., 0., 0., 0., 0., 0., 0., 0., 0., 1., 0., 1.,
        0., 1.],
       [0., 1., 0., 1., 0., 0., 0., 0., 1., 1., 0., 0., 0., 0., 0., 0.,
        1., 0., 0., 0., 0., 0., 1., 1., 1., 0., 1., 0., 0., 0., 1., 1.,
        0., 0.],
       [0., 0., 0., 0., 0., 0., 0., 1., 1., 0., 1., 1., 1., 0., 0., 1.,
        0., 1., 1., 0., 1., 1., 1., 1., 1., 0., 1., 0., 1., 0., 1., 0.,
        1., 1.],
       [1., 0., 0., 0., 1., 0., 0., 0., 1., 1., 1., 1., 1., 0., 0., 0.,
        0., 0., 1., 1., 1., 1., 0., 1., 0., 0., 1., 1., 1., 1., 0., 0.,
        1., 1.],
       [1., 0., 0., 1., 0., 0., 0., 1., 0., 1., 0., 1., 1., 1., 1., 0.,
        0., 0., 0., 0., 1., 0., 1., 0., 1., 0., 1., 0., 0., 1., 0., 1.,
        1., 1.],
       [1., 1., 0., 0., 0., 0., 0., 0., 1., 1., 0., 1., 1., 1., 0., 0.,
        1., 1., 1., 0., 0., 1., 1., 1., 0., 0., 0., 1., 0., 0., 0., 0.,
        1., 0.],
       [1., 0., 0., 0., 0., 0., 0., 1., 0., 1., 0., 1., 0., 0., 1., 0.,
        0., 0., 1., 0., 0., 1., 0., 1., 0., 0., 1., 0., 0., 1., 0., 0.,
        0., 0.],
       [0., 0., 0., 1., 0., 0., 0., 1., 1., 0., 0., 0., 1., 1., 0., 0.,
        0., 1., 0., 1., 1., 0., 1., 1., 0., 0., 1., 1., 0., 0., 1., 0.,
        1., 1.],
       [0., 0., 0., 0., 0., 0., 0., 0., 0., 0., 0., 0., 1., 1., 0., 0.,
        0., 1., 0., 0., 1., 0., 1., 1., 1., 0., 0., 1., 0., 0., 0., 0.,
        1., 1.],
       [0., 1., 0., 1., 1., 0., 0., 1., 1., 0., 0., 1., 1., 0., 1., 1.,
        1., 1., 1., 1., 0., 1., 1., 1., 0., 0., 1., 1., 1., 0., 1., 1.,
        0., 0.],
       [1., 1., 0., 0., 1., 0., 0., 1., 0., 1., 0., 0., 1., 1., 1., 1.,
        1., 0., 1., 1., 0., 0., 0., 1., 1., 0., 1., 0., 1., 1., 1., 1.,
        1., 0.],
       [0., 0., 0., 0., 0., 0., 0., 1., 0., 0., 0., 0., 0., 0., 1., 0.,
        0., 1., 1., 1., 0., 1., 0., 0., 0., 0., 1., 0., 0., 1., 1., 0.,
        0., 0.],
       [1., 1., 0., 1., 1., 0., 0., 0., 0., 1., 0., 0., 0., 0., 1., 1.,
        1., 1., 1., 1., 0., 1., 1., 1., 0., 0., 0., 0., 1., 0., 1., 1.,
        0., 0.],
       [0., 1., 0., 0., 1., 0., 0., 0., 1., 0., 0., 0., 0., 1., 1., 1.,
        1., 1., 1., 1., 1., 0., 0., 1., 1., 0., 0., 1., 1., 0., 1., 1.,
        1., 1.],
       [1., 0., 0., 1., 1., 0., 0., 1., 1., 0., 0., 1., 1., 0., 0., 0.,
        1., 1., 1., 0., 1., 0., 0., 0., 0., 0., 0., 0., 1., 1., 1., 0.,
        0., 0.],
       [0., 0., 0., 0., 0., 0., 0., 0., 0., 0., 0., 1., 0., 1., 0., 0.,
        0., 1., 0., 1., 1., 0., 1., 0., 0., 0., 0., 0., 1., 0., 0., 1.,
        1., 1.],
       [0., 1., 0., 1., 1., 0., 0., 1., 0., 1., 0., 1., 0., 1., 0., 0.,
        0., 0., 1., 1., 0., 0., 1., 0., 1., 0., 1., 0., 1., 0., 1., 1.,
        1., 0.],
       [1., 0., 0., 0., 0., 0., 0., 0., 0., 0., 0., 1., 0., 0., 0., 0.,
        0., 0., 0., 0., 0., 0., 0., 0., 0., 0., 0., 0., 0., 0., 0., 0.,
        0., 0.],
       [1., 0., 0., 1., 1., 0., 0., 1., 0., 0., 0., 0., 1., 0., 0., 0.,
        1., 1., 1., 0., 1., 0., 0., 0., 0., 0., 1., 0., 1., 0., 1., 1.,
        0., 1.],
       [1., 1., 0., 1., 0., 0., 0., 1., 0., 1., 0., 1., 1., 1., 0., 0.,
        0., 1., 0., 1., 1., 0., 0., 0., 1., 0., 1., 0., 1., 1., 0., 0.,
        1., 1.],
       [1., 0., 0., 0., 1., 0., 0., 0., 1., 0., 0., 1., 1., 0., 0., 0.,
        0., 0., 1., 1., 0., 0., 1., 0., 0., 0., 1., 0., 1., 1., 1., 0.,
        0., 1.],
       [0., 1., 0., 1., 0., 0., 0., 1., 0., 1., 0., 1., 0., 1., 0., 0.,
        1., 1., 0., 0., 1., 0., 0., 0., 1., 0., 0., 0., 0., 1., 0., 1.,
        1., 1.],
       [1., 0., 0., 0., 0., 0., 0., 0., 0., 0., 0., 0., 0., 0., 0., 0.,
        0., 1., 0., 1., 1., 0., 1., 0., 0., 0., 1., 0., 0., 0., 0., 0.,
        0., 0.],
       [0., 0., 0., 0., 1., 0., 0., 1., 1., 1., 0., 0., 1., 0., 0., 0.,
        0., 0., 0., 0., 0., 0., 1., 0., 1., 0., 0., 0., 0., 1., 0., 1.,
        1., 0.],
       [1., 0., 0., 0., 1., 0., 0., 0., 0., 0., 0., 0., 0., 0., 0., 0.,
        0., 1., 0., 1., 1., 0., 0., 0., 0., 0., 1., 0., 0., 1., 0., 0.,
        0., 1.],
       [1., 0., 0., 0., 0., 0., 0., 0., 1., 0., 0., 0., 0., 0., 0., 0.,
        0., 1., 0., 0., 0., 0., 1., 0., 1., 0., 1., 0., 1., 1., 1., 0.,
        0., 0.],
       [0., 0., 0., 0., 0., 0., 0., 0., 0., 0., 0., 0., 1., 0., 0., 0.,
        0., 0., 0., 0., 0., 0., 0., 0., 1., 0., 0., 0., 0., 0., 0., 1.,
        0., 1.],
       [0., 0., 0., 0., 1., 0., 0., 0., 0., 0., 0., 0., 1., 0., 0., 0.,
        0., 1., 0., 0., 0., 0., 0., 0., 0., 0., 1., 0., 1., 0., 1., 1.,
        0., 0.],
       [0., 0., 0., 0., 0., 0., 0., 1., 0., 0., 0., 0., 0., 0., 0., 0.,
        0., 1., 0., 1., 1., 0., 0., 0., 1., 0., 0., 0., 1., 1., 1., 1.,
        0., 1.],
       [1., 0., 0., 0., 1., 0., 0., 0., 1., 0., 0., 0., 0., 0., 0., 0.,
        0., 0., 0., 1., 1., 0., 1., 0., 0., 0., 0., 0., 1., 0., 1., 1.,
        0., 1.],
       [1., 0., 0., 0., 1., 0., 0., 0., 1., 1., 0., 0., 0., 0., 0., 0.,
        0., 0., 0., 1., 1., 0., 1., 0., 1., 0., 0., 0., 0., 0., 0., 0.,
        1., 1.],
       [1., 0., 0., 0., 1., 0., 0., 0., 1., 1., 0., 0., 1., 0., 0., 0.,
        0., 0., 0., 0., 0., 0., 1., 0., 1., 0., 0., 0., 0., 0., 0., 1.,
        1., 0.],
       [1., 0., 0., 0., 0., 0., 0., 1., 0., 0., 0., 0., 1., 0., 0., 0.,
        0., 0., 0., 0., 0., 0., 1., 0., 0., 0., 1., 0., 0., 0., 1., 1.,
        0., 0.],
       [0., 0., 0., 0., 0., 0., 0., 1., 0., 0., 0., 0., 1., 0., 0., 0.,
        0., 1., 0., 1., 1., 0., 0., 0., 0., 0., 1., 0., 0., 1., 0., 1.,
        0., 0.],
       [1., 0., 0., 0., 0., 0., 0., 1., 0., 1., 0., 0., 1., 0., 0., 0.,
        0., 0., 0., 1., 1., 0., 0., 0., 0., 0., 0., 0., 0., 1., 0., 1.,
        0., 0.],
       [0., 0., 0., 0., 0., 0., 0., 0., 0., 0., 0., 0., 0., 0., 0., 0.,
        0., 0., 0., 0., 1., 0., 0., 0., 0., 0., 0., 0., 0., 0., 1., 1.,
        0., 0.],
       [0., 0., 0., 0., 0., 0., 0., 0., 0., 0., 0., 0., 1., 0., 0., 0.,
        0., 1., 0., 0., 0., 0., 1., 0., 0., 0., 1., 0., 0., 1., 1., 1.,
        1., 0.],
       [0., 0., 0., 0., 0., 0., 0., 0., 0., 1., 0., 0., 0., 0., 0., 0.,
        0., 1., 0., 1., 1., 0., 1., 0., 0., 0., 0., 0., 0., 0., 1., 1.,
        0., 0.],
       [0., 0., 0., 0., 0., 0., 0., 1., 0., 0., 0., 0., 0., 0., 0., 0.,
        0., 0., 0., 0., 0., 0., 1., 0., 0., 0., 1., 0., 0., 0., 0., 1.,
        1., 0.],
       [1., 0., 0., 0., 0., 0., 0., 1., 0., 1., 0., 0., 0., 0., 0., 0.,
        0., 1., 0., 0., 1., 0., 0., 0., 0., 0., 1., 0., 0., 1., 1., 0.,
        0., 0.],
       [0., 0., 0., 0., 0., 0., 0., 1., 0., 1., 0., 0., 0., 0., 0., 0.,
        0., 0., 0., 0., 0., 0., 1., 0., 0., 0., 1., 0., 0., 0., 1., 0.,
        1., 0.],
       [0., 0., 0., 0., 0., 0., 0., 1., 0., 0., 0., 0., 0., 0., 0., 0.,
        0., 1., 0., 0., 1., 0., 0., 0., 0., 0., 1., 0., 0., 0., 1., 0.,
        0., 0.],
       [1., 0., 0., 0., 0., 0., 0., 1., 0., 0., 0., 0., 0., 0., 0., 0.,
        0., 1., 0., 0., 0., 0., 0., 0., 0., 0., 0., 0., 0., 0., 1., 0.,
        0., 0.],
       [1., 0., 0., 0., 0., 0., 0., 0., 0., 0., 0., 0., 0., 0., 0., 0.,
        0., 0., 0., 1., 0., 0., 1., 0., 0., 0., 0., 0., 0., 0., 1., 0.,
        0., 0.],
       [0., 0., 0., 0., 0., 0., 0., 0., 0., 0., 0., 0., 0., 0., 0., 0.,
        0., 0., 0., 0., 0., 0., 0., 0., 0., 0., 0., 0., 0., 0., 0., 0.,
        0., 0.],
       [0., 0., 0., 0., 0., 0., 0., 0., 0., 0., 0., 0., 0., 0., 0., 0.,
        0., 1., 0., 0., 0., 0., 0., 0., 0., 0., 0., 0., 0., 0., 0., 0.,
        0., 0.],
       [0., 0., 0., 0., 0., 0., 0., 0., 0., 0., 0., 0., 0., 0., 0., 0.,
        0., 1., 0., 1., 1., 0., 1., 0., 0., 0., 1., 0., 0., 0., 1., 0.,
        0., 0.],
       [1., 0., 0., 0., 0., 0., 0., 1., 0., 0., 0., 0., 0., 0., 0., 0.,
        0., 1., 0., 1., 0., 0., 1., 0., 0., 0., 0., 0., 0., 0., 0., 0.,
        0., 0.],
       [1., 0., 0., 0., 0., 0., 0., 1., 0., 0., 0., 0., 0., 0., 0., 0.,
        0., 0., 0., 1., 0., 0., 1., 0., 0., 0., 0., 0., 0., 0., 0., 0.,
        0., 0.],
       [0., 0., 0., 0., 0., 0., 0., 1., 0., 0., 0., 0., 0., 0., 0., 0.,
        0., 0., 0., 0., 0., 0., 0., 0., 0., 0., 0., 0., 0., 0., 1., 0.,
        0., 0.],
       [0., 0., 0., 0., 0., 0., 0., 0., 0., 0., 0., 0., 0., 0., 0., 0.,
        0., 0., 0., 1., 0., 0., 0., 0., 0., 0., 1., 0., 0., 0., 0., 0.,
        0., 0.],
       [1., 0., 0., 0., 0., 0., 0., 0., 0., 0., 0., 0., 0., 0., 0., 0.,
        0., 0., 0., 1., 0., 0., 0., 0., 0., 0., 0., 0., 0., 0., 1., 0.,
        0., 0.],
       [1., 0., 0., 0., 0., 0., 0., 0., 0., 0., 0., 0., 0., 0., 0., 0.,
        0., 0., 0., 1., 0., 0., 0., 0., 0., 0., 1., 0., 0., 0., 1., 0.,
        0., 0.],
       [1., 0., 0., 0., 0., 0., 0., 0., 0., 0., 0., 0., 0., 0., 0., 0.,
        0., 0., 0., 0., 0., 0., 0., 0., 0., 0., 1., 0., 0., 0., 1., 0.,
        0., 0.],
       [1., 0., 0., 0., 0., 0., 0., 0., 0., 0., 0., 0., 0., 0., 0., 0.,
        0., 0., 0., 1., 0., 0., 0., 0., 0., 0., 1., 0., 0., 0., 1., 0.,
        0., 0.],
       [0., 0., 0., 0., 0., 0., 0., 0., 0., 0., 0., 0., 0., 0., 0., 0.,
        0., 0., 0., 1., 0., 0., 0., 0., 0., 0., 1., 0., 0., 0., 0., 0.,
        0., 0.],
       [1., 0., 0., 0., 0., 0., 0., 0., 0., 0., 0., 0., 0., 0., 0., 0.,
        0., 0., 0., 1., 0., 0., 0., 0., 0., 0., 1., 0., 0., 0., 1., 0.,
        0., 0.],
       [0., 0., 0., 0., 0., 0., 0., 0., 0., 0., 0., 0., 0., 0., 0., 0.,
        0., 0., 0., 1., 0., 0., 0., 0., 0., 0., 0., 0., 0., 0., 1., 0.,
        0., 0.],
       [1., 0., 0., 0., 0., 0., 0., 0., 0., 0., 0., 0., 0., 0., 0., 0.,
        0., 0., 0., 1., 0., 0., 0., 0., 0., 0., 1., 0., 0., 0., 1., 0.,
        0., 0.],
       [0., 0., 0., 0., 0., 0., 0., 0., 0., 0., 0., 0., 0., 0., 0., 0.,
        0., 0., 0., 0., 0., 0., 0., 0., 0., 0., 0., 0., 0., 0., 1., 0.,
        0., 0.],
       [0., 0., 0., 0., 0., 0., 0., 0., 0., 0., 0., 0., 0., 0., 0., 0.,
        0., 0., 0., 0., 0., 0., 0., 0., 0., 0., 1., 0., 0., 0., 0., 0.,
        0., 0.],
       [0., 0., 0., 0., 0., 0., 0., 0., 0., 0., 0., 0., 0., 0., 0., 0.,
        0., 0., 0., 0., 0., 0., 0., 0., 0., 0., 0., 0., 0., 0., 1., 0.,
        0., 0.],
       [0., 0., 0., 0., 0., 0., 0., 0., 0., 0., 0., 0., 0., 0., 0., 0.,
        0., 0., 0., 0., 0., 0., 0., 0., 0., 0., 0., 0., 0., 0., 1., 0.,
        0., 0.],
       [0., 0., 0., 0., 0., 0., 0., 0., 0., 0., 0., 0., 0., 0., 0., 0.,
        0., 0., 0., 0., 0., 0., 0., 0., 0., 0., 1., 0., 0., 0., 1., 0.,
        0., 0.],
       [0., 0., 0., 0., 0., 0., 0., 0., 0., 0., 0., 0., 0., 0., 0., 0.,
        0., 0., 0., 0., 0., 0., 0., 0., 0., 0., 1., 0., 0., 0., 1., 0.,
        0., 0.],
       [0., 0., 0., 0., 0., 0., 0., 0., 0., 0., 0., 0., 0., 0., 0., 0.,
        0., 0., 0., 0., 0., 0., 0., 0., 0., 0., 1., 0., 0., 0., 0., 0.,
        0., 0.],
       [0., 0., 0., 0., 0., 0., 0., 0., 0., 0., 0., 0., 0., 0., 0., 0.,
        0., 0., 0., 0., 0., 0., 0., 0., 0., 0., 0., 0., 0., 0., 0., 0.,
        0., 0.],
       [0., 0., 0., 0., 0., 0., 0., 0., 0., 0., 0., 0., 0., 0., 0., 0.,
        0., 0., 0., 0., 0., 0., 0., 0., 0., 0., 0., 0., 0., 0., 0., 0.,
        0., 0.],
       [0., 0., 0., 0., 0., 0., 0., 0., 0., 0., 0., 0., 0., 0., 0., 0.,
        0., 0., 0., 0., 0., 0., 0., 0., 0., 0., 0., 0., 0., 0., 0., 0.,
        0., 0.]])